2 0.745798 0.796791 0.162185 0.0249554
1 0.237815 0.191325 0.25042 0.0237671
2 0.662185 0.856506 0.243697 0.0231729
2 0.609244 0.796791 0.146218 0.0261438
2 0.765126 0.396019 0.167227 0.0231729
1 0.0819328 0.584076 0.0781513 0.0225787
0 0.0827731 0.52555 0.0747899 0.0243613
2 0.613025 0.449792 0.162185 0.0225787
2 0.614706 0.395425 0.162185 0.0219846
1 0.15042 0.45306 0.216807 0.0219846
2 0.42437 0.13369 0.152941 0.0249554
1 0.163025 0.319667 0.243697 0.0213904
2 0.467227 0.451872 0.161345 0.0231729
2 0.720588 0.133096 0.145378 0.0237671
2 0.573109 0.132799 0.178151 0.0243613
2 0.426471 0.191325 0.153782 0.0261438
2 0.858403 0.52555 0.195798 0.0255496
2 0.858824 0.584373 0.191597 0.0231729
2 0.881513 0.855912 0.151261 0.0231729
2 0.882773 0.795603 0.152101 0.0261438
2 0.764286 0.448604 0.167227 0.0249554
2 0.193277 0.583779 0.184874 0.0243613
2 0.871008 0.132799 0.177311 0.0255496
2 0.723109 0.190137 0.15042 0.0261438
2 0.321008 0.452466 0.156303 0.0231729
2 0.519328 0.721628 0.17479 0.0279263
2 0.463866 0.856506 0.176471 0.0243613
2 0.466387 0.396316 0.166387 0.0237671
0 0.238235 0.133987 0.252941 0.0279263
2 0.895798 0.395722 0.12605 0.0249554
2 0.361765 0.320559 0.178992 0.0243613
2 0.321008 0.395128 0.154622 0.0249554
1 0.141176 0.855021 0.201681 0.0237671
0 0.15084 0.394831 0.222689 0.0255496
2 0.308824 0.7959 0.165546 0.0255496
2 0.870588 0.190434 0.173109 0.0279263
2 0.686134 0.584076 0.177311 0.0237671
2 0.863866 0.721628 0.188235 0.0279263
2 0.360504 0.584373 0.173109 0.0243613
2 0.305882 0.855021 0.166387 0.0261438
2 0.895798 0.450089 0.12605 0.0255496
2 0.360924 0.527035 0.17395 0.0261438
2 0.876891 0.322935 0.163866 0.0243613
2 0.57395 0.190731 0.178151 0.0273321
2 0.522689 0.58467 0.178151 0.0225787
2 0.537395 0.321747 0.207563 0.0255496
2 0.713866 0.322044 0.185714 0.0249554
2 0.686134 0.524955 0.177311 0.0243613
2 0.538235 0.264409 0.207563 0.0273321
2 0.354202 0.721331 0.184034 0.0285205
2 0.523109 0.526738 0.17563 0.026738
2 0.464706 0.796197 0.181513 0.0261438
0 0.139496 0.796197 0.191597 0.0261438
1 0.159244 0.721331 0.231092 0.0249554
2 0.195798 0.526441 0.186555 0.0273321
2 0.715966 0.263815 0.191597 0.0249554
2 0.363866 0.263815 0.183193 0.0261438
2 0.685714 0.721925 0.193277 0.0285205
2 0.686134 0.657457 0.187395 0.0255496
2 0.518067 0.658051 0.17395 0.0279263
2 0.876471 0.264706 0.163025 0.026738
2 0.862185 0.65716 0.188235 0.0261438
2 0.353782 0.658348 0.179832 0.0261438
0 0.159664 0.657754 0.233613 0.0261438
0 0.164706 0.264112 0.243697 0.026738
