2 0.836971 0.226438 0.154762 0.0173611
2 0.833333 0.170759 0.154101 0.0205853
2 0.845403 0.322173 0.143849 0.0198413
1 0.24289 0.248016 0.206019 0.0183532
2 0.578704 0.328869 0.134921 0.0208333
2 0.850694 0.383185 0.146495 0.0218254
2 0.450231 0.393105 0.140542 0.0208333
2 0.853009 0.555184 0.170966 0.0240575
2 0.580192 0.389757 0.141204 0.0220734
2 0.859127 0.829365 0.231481 0.0233135
2 0.855489 0.655134 0.201058 0.0240575
2 0.450728 0.332217 0.146164 0.0205853
2 0.553571 0.237351 0.152116 0.0203373
2 0.69213 0.175223 0.157407 0.0195933
0 0.245536 0.191716 0.200728 0.0228175
2 0.552579 0.182044 0.148148 0.0193452
2 0.712467 0.385913 0.155754 0.0218254
1 0.19461 0.565972 0.215939 0.0208333
2 0.376819 0.563368 0.179563 0.0220734
0 0.184028 0.338914 0.176257 0.0195933
2 0.696429 0.231523 0.156746 0.0200893
2 0.858466 0.722222 0.202381 0.0272817
2 0.322917 0.396329 0.136574 0.0198413
2 0.694279 0.557664 0.178241 0.0240575
1 0.183201 0.398189 0.173942 0.0195933
2 0.415344 0.1875 0.157407 0.0213294
2 0.415013 0.241567 0.160053 0.0198413
2 0.707507 0.325645 0.155093 0.0213294
2 0.478009 0.726438 0.201389 0.0243056
2 0.85119 0.488343 0.175926 0.0233135
2 0.534226 0.494792 0.170966 0.0233135
2 0.536045 0.559772 0.169974 0.0233135
2 0.325231 0.335317 0.136574 0.0213294
2 0.645007 0.830977 0.231151 0.0250496
0 0.193783 0.501736 0.207672 0.0213294
2 0.435681 0.831101 0.224537 0.0238095
1 0.261409 0.727679 0.268188 0.0223214
2 0.4375 0.900298 0.224868 0.0262897
2 0.476025 0.658358 0.203373 0.0255456
2 0.691303 0.491071 0.178902 0.0228175
2 0.667659 0.723462 0.207672 0.0267857
2 0.376653 0.498016 0.190476 0.0233135
2 0.664683 0.657366 0.202381 0.0250496
1 0.211144 0.896205 0.25959 0.0240575
2 0.863095 0.898065 0.236772 0.0287698
0 0.261409 0.662574 0.258267 0.0265377
2 0.64666 0.89881 0.230489 0.0272817
0 0.211971 0.832093 0.256614 0.0238095
